1.00334
1.00334
1.00336
1.00337
1.00338
1.00339
1.0034
1.00341
1.00342
1.00344
1.00345
1.00346
1.00347
1.00348
1.0035
1.00351
1.00352
1.00353
1.00355
1.00356
1.00357
1.00358
1.0036
1.00361
1.00362
1.00364
1.00365
1.00366
1.00368
1.00369
1.0037
1.00372
1.00373
1.00375
1.00376
1.00377
1.00379
1.0038
1.00382
1.00383
1.00385
1.00386
1.00388
1.00389
1.00391
1.00392
1.00394
1.00395
1.00397
1.00398
1.004
1.00402
1.00403
1.00405
1.00407
1.00408
1.0041
1.00412
1.00413
1.00415
1.00417
1.00418
1.0042
1.00422
1.00424
1.00426
1.00427
1.00429
1.00431
1.00433
1.00435
1.00437
1.00439
1.00441
1.00442
1.00444
1.00446
1.00448
1.0045
1.00452
1.00455
1.00457
1.00459
1.00461
1.00463
1.00465
1.00467
1.00469
1.00472
1.00474
1.00476
1.00478
1.00481
1.00483
1.00485
1.00488
1.0049
1.00493
1.00495
1.00498
1.005
1.00503
1.00505
1.00508
1.0051
1.00513
1.00515
1.00518
1.00521
1.00524
1.00526
1.00529
1.00532
1.00535
1.00538
1.00541
1.00543
1.00546
1.00549
1.00552
1.00556
1.00559
1.00562
1.00565
1.00568
1.00571
1.00575
1.00578
1.00581
1.00585
1.00588
1.00592
1.00595
1.00599
1.00602
1.00606
1.0061
1.00613
1.00617
1.00621
1.00625
1.00629
1.00633
1.00637
1.00641
1.00645
1.00649
1.00654
1.00658
1.00662
1.00667
1.00671
1.00676
1.0068
1.00685
1.0069
1.00694
1.00699
1.00704
1.00709
1.00714
1.00719
1.00725
1.0073
1.00735
1.00741
1.00746
1.00752
1.00758
1.00763
1.00769
1.00775
1.00781
1.00787
1.00794
1.008
1.00806
1.00813
1.0082
1.00826
1.00833
1.0084
1.00847
1.00855
1.00862
1.0087
1.00877
1.00885
1.00893
1.00901
1.00909
1.00917
1.00926
1.00935
1.00943
1.00952
1.00962
1.00971
1.0098
1.0099
1.01
1.0101
1.0102
1.01031
1.01042
1.01053
1.01064
1.01075
1.01087
1.01099
1.01111
1.01124
1.01136
1.01149
1.01163
1.01176
1.0119
1.01205
1.0122
1.01235
1.0125
1.01266
1.01282
1.01299
1.01316
1.01333
1.01351
1.0137
1.01389
1.01408
1.01429
1.01449
1.01471
1.01493
1.01515
1.01538
1.01562
1.01587
1.01613
1.01639
1.01667
1.01695
1.01724
1.01754
1.01786
1.01818
1.01852
1.01887
1.01923
1.01961
1.02
1.02041
1.02083
1.02128
1.02174
1.02222
1.02273
1.02326
1.02381
1.02439
1.025
1.02564
1.02632
1.02703
1.02778
1.02857
1.02941
1.0303
1.03125
1.03226
1.03333
1.03448
1.03571
1.03704
1.03846
1.04
1.04167
1.04348
1.04545
1.04762
1.05
1.05263
1.05556
1.05882
1.0625
1.06667
1.07143
1.07692
1.08333
1.09091
1.1
1.11111
1.125
1.14286
1.16667
1.2
1.25
1.33333
1.5
