0	2.62816428807641e-03	0.00000000000000e+00
1	1.57427532610234e-02	0.00000000000000e+00
2	3.30970081103446e-02	0.00000000000000e+00
3	5.21861489720344e-02	0.00000000000000e+00
4	6.97192908776110e-02	0.00000000000000e+00
5	8.42120835892681e-02	0.00000000000000e+00
6	9.56346492804410e-02	0.00000000000000e+00
7	1.04576178568823e-01	0.00000000000000e+00
8	1.11458383429857e-01	0.00000000000000e+00
9	1.16827644725973e-01	0.00000000000000e+00
10	1.21006299200907e-01	0.00000000000000e+00
11	1.24442193558987e-01	0.00000000000000e+00
12	1.27271427731189e-01	0.00000000000000e+00
13	1.29753663111326e-01	0.00000000000000e+00
14	1.31916755290622e-01	0.00000000000000e+00
15	1.33814776857801e-01	0.00000000000000e+00
16	1.35605070445652e-01	0.00000000000000e+00
17	1.37215353338693e-01	0.00000000000000e+00
18	1.38670115113418e-01	0.00000000000000e+00
19	1.40112888313806e-01	0.00000000000000e+00
20	1.41440417990632e-01	0.00000000000000e+00
21	1.42664849606566e-01	0.00000000000000e+00
22	1.43903003643796e-01	0.00000000000000e+00
23	1.45049962247640e-01	0.00000000000000e+00
24	1.46111615708051e-01	0.00000000000000e+00
25	1.47192641228391e-01	0.00000000000000e+00
26	1.48200580166534e-01	0.00000000000000e+00
27	1.49144907236192e-01	0.00000000000000e+00
28	1.50121992968368e-01	0.00000000000000e+00
29	1.51051940380210e-01	0.00000000000000e+00
30	1.52018693960448e-01	0.00000000000000e+00
31	1.52952108685935e-01	0.00000000000000e+00
32	1.53861673215841e-01	0.00000000000000e+00
33	1.54814119026379e-01	0.00000000000000e+00
34	1.55752222251254e-01	0.00000000000000e+00
35	1.56728422083650e-01	0.00000000000000e+00
36	1.57695240088188e-01	0.00000000000000e+00
37	1.58657284730602e-01	0.00000000000000e+00
38	1.59653557529912e-01	0.00000000000000e+00
39	1.60649206662462e-01	0.00000000000000e+00
40	1.61674601244426e-01	0.00000000000000e+00
41	1.62702319346575e-01	0.00000000000000e+00
42	1.63755966955918e-01	0.00000000000000e+00
43	1.64816036525639e-01	0.00000000000000e+00
44	1.65900666868266e-01	0.00000000000000e+00
45	1.66996500445582e-01	0.00000000000000e+00
46	1.68104805825065e-01	0.00000000000000e+00
47	1.69237533167217e-01	0.00000000000000e+00
48	1.70385777204366e-01	0.00000000000000e+00
49	1.71557729463828e-01	0.00000000000000e+00
50	1.72749111132119e-01	0.00000000000000e+00
51	1.73963305937853e-01	0.00000000000000e+00
52	1.75198301055099e-01	0.00000000000000e+00
53	1.76455166961341e-01	0.00000000000000e+00
54	1.77735090727775e-01	0.00000000000000e+00
55	1.79038404247897e-01	0.00000000000000e+00
56	1.80363998609406e-01	0.00000000000000e+00
57	1.81717582915733e-01	0.00000000000000e+00
58	1.83093620223263e-01	0.00000000000000e+00
59	1.84499536535026e-01	0.00000000000000e+00
60	1.85930731822062e-01	0.00000000000000e+00
61	1.87395623287261e-01	0.00000000000000e+00
62	1.88886923311137e-01	0.00000000000000e+00
63	1.90404592626930e-01	0.00000000000000e+00
64	1.91959018133014e-01	0.00000000000000e+00
65	1.93542914033502e-01	0.00000000000000e+00
66	1.95157945395551e-01	0.00000000000000e+00
67	1.96817037497733e-01	0.00000000000000e+00
68	1.98508528814950e-01	0.00000000000000e+00
69	2.00243581618128e-01	0.00000000000000e+00
70	2.02013711838152e-01	0.00000000000000e+00
71	2.03822341068992e-01	0.00000000000000e+00
72	2.05671435224753e-01	0.00000000000000e+00
73	2.07574924410381e-01	0.00000000000000e+00
74	2.09519048156311e-01	0.00000000000000e+00
75	2.11507050444956e-01	0.00000000000000e+00
76	2.13555326831245e-01	0.00000000000000e+00
77	2.15653538515924e-01	0.00000000000000e+00
78	2.17804548641980e-01	0.00000000000000e+00
79	2.20007977565472e-01	0.00000000000000e+00
80	2.22266418751763e-01	0.00000000000000e+00
81	2.24596777683200e-01	0.00000000000000e+00
82	2.26989445726700e-01	0.00000000000000e+00
83	2.29449443952611e-01	0.00000000000000e+00
84	2.31976964571464e-01	0.00000000000000e+00
85	2.34573830705580e-01	0.00000000000000e+00
86	2.37245520215039e-01	0.00000000000000e+00
87	2.39997002618496e-01	0.00000000000000e+00
88	2.42835735700734e-01	0.00000000000000e+00
89	2.45764286186830e-01	0.00000000000000e+00
90	2.48783372612444e-01	0.00000000000000e+00
91	2.51897256193484e-01	0.00000000000000e+00
92	2.55111186204294e-01	0.00000000000000e+00
93	2.58433896381838e-01	0.00000000000000e+00
94	2.61873564841342e-01	0.00000000000000e+00
95	2.65430647679641e-01	0.00000000000000e+00
96	2.69107887475639e-01	0.00000000000000e+00
97	2.72910180057449e-01	0.00000000000000e+00
98	2.76846826317560e-01	0.00000000000000e+00
99	2.80933047748488e-01	0.00000000000000e+00
100	2.85171331465297e-01	0.00000000000000e+00
101	2.89552357213839e-01	0.00000000000000e+00
102	2.94096824668379e-01	0.00000000000000e+00
103	2.98811212843012e-01	0.00000000000000e+00
104	3.03717625652588e-01	0.00000000000000e+00
105	3.08808283771813e-01	0.00000000000000e+00
106	3.14106996800462e-01	0.00000000000000e+00
107	3.19601842606591e-01	0.00000000000000e+00
108	3.25318279097663e-01	0.00000000000000e+00
109	3.31274177087683e-01	0.00000000000000e+00
110	3.37472497306740e-01	0.00000000000000e+00
111	3.43949680598830e-01	0.00000000000000e+00
112	3.50695565421417e-01	0.00000000000000e+00
113	3.57712924969960e-01	0.00000000000000e+00
114	3.65044927427657e-01	0.00000000000000e+00
115	3.72701483365478e-01	0.00000000000000e+00
116	3.80691833111334e-01	0.00000000000000e+00
117	3.89061215934641e-01	0.00000000000000e+00
118	3.97848154871453e-01	0.00000000000000e+00
119	4.06999455258383e-01	0.00000000000000e+00
120	4.16577282749228e-01	0.00000000000000e+00
121	4.26589478280937e-01	0.00000000000000e+00
122	4.37109423348230e-01	0.00000000000000e+00
123	4.48107743061151e-01	0.00000000000000e+00
124	4.59615613170386e-01	0.00000000000000e+00
125	4.71690616845804e-01	0.00000000000000e+00
126	4.84347602175720e-01	0.00000000000000e+00
127	4.97619714797718e-01	0.00000000000000e+00
128	5.11615067782300e-01	0.00000000000000e+00
129	5.26271047963153e-01	0.00000000000000e+00
130	5.41704082265528e-01	0.00000000000000e+00
131	5.57802852129086e-01	0.00000000000000e+00
132	5.74648543934364e-01	0.00000000000000e+00
133	5.92367457232133e-01	0.00000000000000e+00
134	6.10900850568564e-01	0.00000000000000e+00
135	6.30272148610662e-01	0.00000000000000e+00
136	6.50726104128317e-01	0.00000000000000e+00
137	6.71896903089896e-01	0.00000000000000e+00
138	6.93947705214898e-01	0.00000000000000e+00
139	7.17010493867409e-01	0.00000000000000e+00
140	7.41017732936920e-01	0.00000000000000e+00
141	7.66052507204475e-01	0.00000000000000e+00
142	7.92015492575641e-01	0.00000000000000e+00
143	8.18999077220742e-01	0.00000000000000e+00
144	8.46606039598024e-01	0.00000000000000e+00
145	8.74641564354268e-01	0.00000000000000e+00
146	9.03818498305446e-01	0.00000000000000e+00
147	9.33682750938834e-01	0.00000000000000e+00
148	9.63898176542644e-01	0.00000000000000e+00
149	9.94123151327142e-01	0.00000000000000e+00
150	1.02442236228636e+00	0.00000000000000e+00
151	1.05468443734024e+00	0.00000000000000e+00
152	1.08481742808019e+00	0.00000000000000e+00
153	1.11478875777770e+00	0.00000000000000e+00
154	1.14421918506028e+00	0.00000000000000e+00
155	1.17279424019034e+00	0.00000000000000e+00
156	1.19998534146977e+00	0.00000000000000e+00
157	1.22552249474381e+00	0.00000000000000e+00
158	1.24950659137637e+00	0.00000000000000e+00
159	1.27192289182147e+00	0.00000000000000e+00
160	1.29245916878514e+00	0.00000000000000e+00
161	1.31054325936451e+00	0.00000000000000e+00
162	1.32565723867992e+00	0.00000000000000e+00
163	1.33723491314317e+00	0.00000000000000e+00
164	1.34627829639556e+00	0.00000000000000e+00
165	1.35339736440029e+00	0.00000000000000e+00
166	1.35811479168172e+00	0.00000000000000e+00
167	1.36017558233449e+00	0.00000000000000e+00
168	1.35897489099306e+00	0.00000000000000e+00
169	1.35454482630184e+00	0.00000000000000e+00
170	1.34722310677336e+00	0.00000000000000e+00
171	1.33704608202974e+00	0.00000000000000e+00
172	1.32371350599280e+00	0.00000000000000e+00
173	1.30685271930597e+00	0.00000000000000e+00
174	1.28636611591833e+00	0.00000000000000e+00
175	1.26243061075118e+00	0.00000000000000e+00
176	1.23511459801593e+00	0.00000000000000e+00
177	1.20382283820059e+00	0.00000000000000e+00
178	1.16789759117842e+00	0.00000000000000e+00
179	1.12633624761143e+00	0.00000000000000e+00
180	1.07781889579257e+00	0.00000000000000e+00
181	1.02104631550610e+00	0.00000000000000e+00
182	9.55089535161903e-01	0.00000000000000e+00
183	8.79751135566367e-01	0.00000000000000e+00
184	7.95851110208863e-01	0.00000000000000e+00
185	7.04949410398946e-01	0.00000000000000e+00
186	6.08927352403927e-01	0.00000000000000e+00
187	5.08324541805887e-01	0.00000000000000e+00
188	3.98274029973329e-01	0.00000000000000e+00
189	2.53853809863811e-01	0.00000000000000e+00
